<?xml version="1.0" encoding="UTF-8"?>
<sports-statistics>
  <sports-boxscores>
     <date year="2013" month="11" date="16" day="6"/>
     <time hour="10" minute="54" second="16" timezone="Eastern" utc-hour="-5" utc-minute="00"/>
     <version number="1"/>
     <season season="2013"/>
    <cbk-boxscores>
      <cbk-boxscore>
        <date year="2013" month="11" date="15" day="5"/>
        <time hour="19" minute="00" timezone="Eastern" utc-hour="-5" utc-minute="00"/>
        <local-game-date year="2013" month="11" date="15" day="5"/>
        <local-time hour="19" minute="00"/>
        <gamecode code="201311150173" global-id="1357385"/>
        <gametype id="1" type="Regular Season"/>
        <stadium name="Cameron Indoor Stadium" city="Durham" state="North Carolina" country="United States" global-id="1812" id="64"/>
        <coverage level="1"/>
        <gamestate status="Final" status-id="4" half="2" minutes="0" seconds="00" segment-number="2" active-state="false"/>
        <visiting-team>
          <team-name name="Owls" alias="FlaAtl"/>
          <team-city city="Florida Atlantic"/>
          <team-code global-id="1415" id="221"/>
          <record wins="1" losses="2" pct=".333"/>
          <linescore score="64">
            <half half="1" score="29"/>
            <half half="2" score="35"/>
          </linescore>
        </visiting-team>
        <home-team>
          <team-name name="Blue Devils" alias="Duke"/>
          <team-city city="Duke"/>
          <team-code global-id="1388" id="173"/>
          <record wins="2" losses="1" pct=".667"/>
          <linescore score="97">
            <half half="1" score="52"/>
            <half half="2" score="45"/>
          </linescore>
        </home-team>
         <sequences period="1">
             <moment game-clock="1200.00" time="1384560091251" game-event-id="" shot-clock="" locations="-1,-1,49.12061,21.63979,4.22097;1388,601140,33.63567,24.19006,0;1388,603106,46.39898,17.1108,0;1388,696289,46.01186,33.38741,0;1388,696290,60.34143,20.93464,0;1388,756880,44.92099,24.90649,0;1415,511656,48.24634,23.11736,0;1415,567438,49.13164,33.35987,0;1415,708860,49.59034,17.67181,0;1415,720555,59.97774,23.72847,0;1415,793930,67.94616,24.32075,0;-2,1,95.3923,16.66718,0;-2,2,62.62406,49.82708,0;-2,3,29.67981,1.82727,0"/>
             <moment game-clock="1200.00" time="1384560091291" game-event-id="" shot-clock="" locations="-1,-1,49.01188,21.636,4.22982;1388,601140,33.63381,24.18926,0;1388,603106,46.44288,17.10821,0;1388,696289,45.99147,33.40299,0;1388,696290,60.34175,20.93403,0;1388,756880,44.92997,24.88932,0;1415,511656,48.27315,23.09601,0;1415,567438,49.12829,33.35396,0;1415,708860,49.58788,17.71485,0;1415,720555,59.97337,23.71715,0;1415,793930,67.94626,24.2892,0;-2,2,62.62395,49.82518,0;-2,1,95.23436,16.81171,0;-2,3,29.69033,1.83284,0"/>
             <moment game-clock="1200.00" time="1384560091331" game-event-id="" shot-clock="" locations="-1,-1,49.03109,21.76321,4.26188;1388,601140,33.63195,24.18846,0;1388,603106,46.48892,17.10289,0;1388,696289,45.9694,33.41746,0;1388,696290,60.34382,20.93805,0;1388,756880,44.93733,24.86687,0;1415,511656,48.29809,23.07281,0;1415,567438,49.12255,33.34876,0;1415,708860,49.58944,17.74143,0;1415,720555,59.96125,23.71347,0;1415,793930,67.94734,24.25717,0;-2,3,29.7093,1.87925,0;-2,2,62.62364,49.82267,0;-2,1,95.07063,16.95052,0"/>
             <moment game-clock="1200.00" time="1384560091370" game-event-id="" shot-clock="" locations="-1,-1,48.95165,21.78338,4.26533;1388,601140,33.63009,24.18765,0;1388,603106,46.54427,17.09879,0;1388,696289,45.94875,33.43214,0;1388,696290,60.34682,20.93178,0;1388,756880,44.94396,24.84437,0;1415,511656,48.32186,23.0549,0;1415,567438,49.11641,33.34434,0;1415,708860,49.59691,17.78139,0;1415,720555,59.95476,23.67934,0;1415,793930,67.94847,24.22548,0;-2,1,94.86726,17.10402,0;-2,2,62.62333,49.82016,0;-2,3,29.72731,1.9315,0"/>
             <moment game-clock="1200.00" time="1384560091411" game-event-id="" shot-clock="" locations="-1,-1,48.91896,21.77921,4.31528;1388,601140,33.62855,24.1877,0;1388,603106,46.60267,17.09593,0;1388,696289,45.92772,33.4453,0;1388,696290,60.34872,20.93078,0;1388,756880,44.95077,24.82082,0;1415,511656,48.34696,23.03133,0;1415,567438,49.10786,33.34172,0;1415,708860,49.60973,17.82512,0;1415,720555,59.94422,23.64918,0;1415,793930,67.94897,24.19573,0;-2,3,29.74528,1.987,0;-2,2,62.62302,49.81764,0;-2,1,94.64373,17.27063,0"/>
             <moment game-clock="1200.00" time="1384560091451" game-event-id="" shot-clock="" locations="-1,-1,48.87224,21.80367,4.26882;1388,601140,33.62607,24.18722,0;1388,603106,46.66181,17.0899,0;1388,696289,45.90986,33.45706,0;1388,696290,60.3504,20.92361,0;1388,756880,44.9553,24.80284,0;1415,511656,48.37165,23.00686,0;1415,567438,49.09887,33.34127,0;1415,708860,49.6265,17.86791,0;1415,720555,59.93428,23.60898,0;1415,793930,67.95083,24.16239,0;-2,1,94.41631,17.43739,0;-2,2,62.62272,49.81513,0;-2,3,29.76196,2.04891,0"/>
             <moment game-clock="1200.00" time="1384560091491" game-event-id="" shot-clock="" locations="-1,-1,48.87224,21.80367,4.26882;1388,601140,33.62299,24.18708,0;1388,603106,46.72336,17.0819,0;1388,696289,45.89544,33.46716,0;1388,696290,60.35208,20.91645,0;1388,756880,44.95697,24.78701,0;1415,511656,48.39168,22.97838,0;1415,567438,49.09019,33.3361,0;1415,708860,49.64441,17.90867,0;1415,720555,59.92312,23.56718,0;1415,793930,67.96168,24.1389,0;-2,2,62.62276,49.81244,0;-2,1,94.18823,17.60733,0;-2,3,29.77666,2.11537,0"/>
             <moment game-clock="1200.00" time="1384560091530" game-event-id="" shot-clock="" locations="-1,-1,48.95741,21.68705,4.1592;1388,601140,33.61965,24.18862,0;1388,603106,46.77926,17.07359,0;1388,696289,45.88077,33.47687,0;1388,696290,60.35348,20.90539,0;1388,756880,44.9556,24.76987,0;1415,511656,48.39023,22.97969,0;1415,567438,49.08158,33.32971,0;1415,708860,49.66967,17.95123,0;1415,720555,59.91518,23.53247,0;1415,793930,67.98051,24.11227,0;-2,3,29.78273,2.19413,0;-2,2,62.62234,49.81002,0;-2,1,93.96265,17.78274,0"/>
             <moment game-clock="1200.00" time="1384560091571" game-event-id="" shot-clock="" locations="-1,-1,48.8904,21.73369,4.16274;1388,601140,33.61561,24.19097,0;1388,603106,46.82805,17.06754,0;1388,696289,45.87197,33.48281,0;1388,696290,60.35471,20.8981,0;1388,756880,44.95306,24.75816,0;1415,511656,48.386,23.01229,0;1415,567438,49.07168,33.32382,0;1415,708860,49.71231,17.98353,0;1415,720555,59.90129,23.49558,0;1415,793930,68.00534,24.06898,0;-2,1,93.7791,17.89078,0;-2,2,62.62277,49.80779,0;-2,3,29.78495,2.26609,0"/>
             <moment game-clock="1200.00" time="1384560091611" game-event-id="" shot-clock="" locations="-1,-1,48.9065,21.64032,4.12922;1388,601140,33.61194,24.19368,0;1388,603106,46.87453,17.0586,0;1388,696289,45.86925,33.49052,0;1388,696290,60.35718,20.89176,0;1388,756880,44.94947,24.75079,0;1415,511656,48.3853,23.00067,0;1415,567438,49.06124,33.31634,0;1415,708860,49.75591,18.01501,0;1415,720555,59.89314,23.45682,0;1415,793930,68.02827,24.01925,0;-2,1,93.67707,17.90915,0;-2,2,62.62262,49.8051,0;-2,3,29.79299,2.294,0"/>
             <moment game-clock="1200.00" time="1384560091651" game-event-id="" shot-clock="" locations="-1,-1,48.77349,21.48377,4.06493;1388,601140,33.60596,24.19577,0;1388,603106,46.91062,17.04918,0;1388,696289,45.87375,33.49698,0;1388,696290,60.35871,20.88554,0;1388,756880,44.94454,24.7602,0;1415,511656,48.38059,22.99572,0;1415,567438,49.0492,33.31013,0;1415,708860,49.7957,18.05473,0;1415,720555,59.88174,23.41875,0;1415,793930,68.04532,23.97157,0;-2,1,93.61824,17.88186,0;-2,3,29.78713,2.37331,0;-2,2,62.62262,49.8051,0"/>
          </sequences>
      </cbk-boxscore>
    </cbk-boxscores>
  </sports-boxscores>
</sports-statistics>
